# cam_x  cam_y  cam_z     model_x model_y model_z     yaw  pitch  roll
-83522837513.049988   111620445263.604431   48372061314.901855    -83522839300.024063   111620445263.604431   48372061314.175743     90.0   0.0   0.0
-83522837530.919724   111620445263.604431   48372061314.887405    -83522839300.024063   111620445263.604431   48372061314.175743     90.0   0.0   0.0
-83522837548.789459   111620445263.604431   48372061314.873100    -83522839300.024063   111620445263.604431   48372061314.175743     90.0   0.0   0.0
-83522837566.659195   111620445263.604431   48372061314.858940    -83522839300.024063   111620445263.604431   48372061314.175743     90.0   0.0   0.0
-83522837584.528931   111620445263.604431   48372061314.844925    -83522839300.024063   111620445263.604431   48372061314.175743     90.0   0.0   0.0
-83522837602.398666   111620445263.604431   48372061314.831055    -83522839300.024063   111620445263.604431   48372061314.175743     90.0   0.0   0.0
-83522837620.268402   111620445263.604431   48372061314.817337    -83522839300.024063   111620445263.604431   48372061314.175743     90.0   0.0   0.0
-83522837638.138138   111620445263.604431   48372061314.803757    -83522839300.024063   111620445263.604431   48372061314.175743     90.0   0.0   0.0
-83522837656.007889   111620445263.604431   48372061314.790321    -83522839300.024063   111620445263.604431   48372061314.175743     90.0   0.0   0.0
-83522837673.877609   111620445263.604431   48372061314.777039    -83522839300.024063   111620445263.604431   48372061314.175743     90.0   0.0   0.0
-83522837691.747345   111620445263.604431   48372061314.763893    -83522839300.024063   111620445263.604431   48372061314.175743     90.0   0.0   0.0
-83522837709.617096   111620445263.604431   48372061314.750893    -83522839300.024063   111620445263.604431   48372061314.175743     90.0   0.0   0.0
-83522837727.486832   111620445263.604431   48372061314.738045    -83522839300.024063   111620445263.604431   48372061314.175743     90.0   0.0   0.0
-83522837745.356567   111620445263.604431   48372061314.725342    -83522839300.024063   111620445263.604431   48372061314.175743     90.0   0.0   0.0
-83522837763.226303   111620445263.604431   48372061314.712776    -83522839300.024063   111620445263.604431   48372061314.175743     90.0   0.0   0.0
-83522837781.096039   111620445263.604431   48372061314.700356    -83522839300.024063   111620445263.604431   48372061314.175743     90.0   0.0   0.0
-83522837798.965775   111620445263.604431   48372061314.688087    -83522839300.024063   111620445263.604431   48372061314.175743     90.0   0.0   0.0
-83522837816.835526   111620445263.604431   48372061314.675957    -83522839300.024063   111620445263.604431   48372061314.175743     90.0   0.0   0.0
-83522837834.705261   111620445263.604431   48372061314.663979    -83522839300.024063   111620445263.604431   48372061314.175743     90.0   0.0   0.0
-83522837852.574997   111620445263.604431   48372061314.652145    -83522839300.024063   111620445263.604431   48372061314.175743     90.0   0.0   0.0
-83522837870.444733   111620445263.604431   48372061314.640457    -83522839300.024063   111620445263.604431   48372061314.175743     90.0   0.0   0.0
-83522837888.314468   111620445263.604431   48372061314.628906    -83522839300.024063   111620445263.604431   48372061314.175743     90.0   0.0   0.0
-83522837906.184204   111620445263.604431   48372061314.617508    -83522839300.024063   111620445263.604431   48372061314.175743     90.0   0.0   0.0
-83522837924.053955   111620445263.604431   48372061314.606255    -83522839300.024063   111620445263.604431   48372061314.175743     90.0   0.0   0.0
-83522837941.923691   111620445263.604431   48372061314.595139    -83522839300.024063   111620445263.604431   48372061314.175743     90.0   0.0   0.0
-83522837959.793427   111620445263.604431   48372061314.584183    -83522839300.024063   111620445263.604431   48372061314.175743     90.0   0.0   0.0
-83522837977.663177   111620445263.604431   48372061314.573364    -83522839300.024063   111620445263.604431   48372061314.175743     90.0   0.0   0.0
-83522837995.532913   111620445263.604431   48372061314.562683    -83522839300.024063   111620445263.604431   48372061314.175743     90.0   0.0   0.0
-83522838013.402634   111620445263.604431   48372061314.552155    -83522839300.024063   111620445263.604431   48372061314.175743     90.0   0.0   0.0
-83522838031.272385   111620445263.604431   48372061314.541771    -83522839300.024063   111620445263.604431   48372061314.175743     90.0   0.0   0.0
-83522838049.142120   111620445263.604431   48372061314.531532    -83522839300.024063   111620445263.604431   48372061314.175743     90.0   0.0   0.0
-83522838067.011856   111620445263.604431   48372061314.521439    -83522839300.024063   111620445263.604431   48372061314.175743     90.0   0.0   0.0
-83522838084.881607   111620445263.604431   48372061314.511490    -83522839300.024063   111620445263.604431   48372061314.175743     90.0   0.0   0.0
-83522838102.751343   111620445263.604431   48372061314.501694    -83522839300.024063   111620445263.604431   48372061314.175743     90.0   0.0   0.0
-83522838120.621078   111620445263.604431   48372061314.492035    -83522839300.024063   111620445263.604431   48372061314.175743     90.0   0.0   0.0
-83522838138.490829   111620445263.604431   48372061314.482529    -83522839300.024063   111620445263.604431   48372061314.175743     90.0   0.0   0.0
-83522838156.360565   111620445263.604431   48372061314.473160    -83522839300.024063   111620445263.604431   48372061314.175743     90.0   0.0   0.0
-83522838174.230301   111620445263.604431   48372061314.463936    -83522839300.024063   111620445263.604431   48372061314.175743     90.0   0.0   0.0
-83522838192.100052   111620445263.604431   48372061314.454865    -83522839300.024063   111620445263.604431   48372061314.175743     90.0   0.0   0.0
-83522838209.969788   111620445263.604431   48372061314.445930    -83522839300.024063   111620445263.604431   48372061314.175743     90.0   0.0   0.0
-83522838227.839523   111620445263.604431   48372061314.437141    -83522839300.024063   111620445263.604431   48372061314.175743     90.0   0.0   0.0
-83522838245.709274   111620445263.604431   48372061314.428497    -83522839300.024063   111620445263.604431   48372061314.175743     90.0   0.0   0.0
-83522838263.579010   111620445263.604431   48372061314.420006    -83522839300.024063   111620445263.604431   48372061314.175743     90.0   0.0   0.0
-83522838281.448746   111620445263.604431   48372061314.411652    -83522839300.024063   111620445263.604431   48372061314.175743     90.0   0.0   0.0
-83522838299.318497   111620445263.604431   48372061314.403450    -83522839300.024063   111620445263.604431   48372061314.175743     90.0   0.0   0.0
-83522838317.188232   111620445263.604431   48372061314.395393    -83522839300.024063   111620445263.604431   48372061314.175743     90.0   0.0   0.0
-83522838335.057968   111620445263.604431   48372061314.387474    -83522839300.024063   111620445263.604431   48372061314.175743     90.0   0.0   0.0
-83522838352.927719   111620445263.604431   48372061314.379707    -83522839300.024063   111620445263.604431   48372061314.175743     90.0   0.0   0.0
-83522838370.797455   111620445263.604431   48372061314.372078    -83522839300.024063   111620445263.604431   48372061314.175743     90.0   0.0   0.0
-83522838388.667191   111620445263.604431   48372061314.364601    -83522839300.024063   111620445263.604431   48372061314.175743     90.0   0.0   0.0
-83522838406.536942   111620445263.604431   48372061314.357269    -83522839300.024063   111620445263.604431   48372061314.175743     90.0   0.0   0.0
-83522838424.406677   111620445263.604431   48372061314.350075    -83522839300.024063   111620445263.604431   48372061314.175743     90.0   0.0   0.0
-83522838442.276413   111620445263.604431   48372061314.343033    -83522839300.024063   111620445263.604431   48372061314.175743     90.0   0.0   0.0
-83522838460.146164   111620445263.604431   48372061314.336136    -83522839300.024063   111620445263.604431   48372061314.175743     90.0   0.0   0.0
-83522838478.015900   111620445263.604431   48372061314.329384    -83522839300.024063   111620445263.604431   48372061314.175743     90.0   0.0   0.0
-83522838495.885635   111620445263.604431   48372061314.322777    -83522839300.024063   111620445263.604431   48372061314.175743     90.0   0.0   0.0
-83522838513.755386   111620445263.604431   48372061314.316315    -83522839300.024063   111620445263.604431   48372061314.175743     90.0   0.0   0.0
-83522838531.625122   111620445263.604431   48372061314.309998    -83522839300.024063   111620445263.604431   48372061314.175743     90.0   0.0   0.0
-83522838549.494873   111620445263.604431   48372061314.303825    -83522839300.024063   111620445263.604431   48372061314.175743     90.0   0.0   0.0
-83522838567.364624   111620445263.604431   48372061314.297798    -83522839300.024063   111620445263.604431   48372061314.175743     90.0   0.0   0.0
-83522838585.234360   111620445263.604431   48372061314.291916    -83522839300.024063   111620445263.604431   48372061314.175743     90.0   0.0   0.0
-83522838603.104095   111620445263.604431   48372061314.286179    -83522839300.024063   111620445263.604431   48372061314.175743     90.0   0.0   0.0
-83522838620.973846   111620445263.604431   48372061314.280594    -83522839300.024063   111620445263.604431   48372061314.175743     90.0   0.0   0.0
-83522838638.843582   111620445263.604431   48372061314.275146    -83522839300.024063   111620445263.604431   48372061314.175743     90.0   0.0   0.0
-83522838656.713318   111620445263.604431   48372061314.269844    -83522839300.024063   111620445263.604431   48372061314.175743     90.0   0.0   0.0
-83522838674.583069   111620445263.604431   48372061314.264687    -83522839300.024063   111620445263.604431   48372061314.175743     90.0   0.0   0.0
-83522838692.452805   111620445263.604431   48372061314.259682    -83522839300.024063   111620445263.604431   48372061314.175743     90.0   0.0   0.0
-83522838710.322540   111620445263.604431   48372061314.254814    -83522839300.024063   111620445263.604431   48372061314.175743     90.0   0.0   0.0
-83522838728.192291   111620445263.604431   48372061314.250092    -83522839300.024063   111620445263.604431   48372061314.175743     90.0   0.0   0.0
-83522838746.062042   111620445263.604431   48372061314.245514    -83522839300.024063   111620445263.604431   48372061314.175743     90.0   0.0   0.0
-83522838763.931778   111620445263.604431   48372061314.241089    -83522839300.024063   111620445263.604431   48372061314.175743     90.0   0.0   0.0
-83522838781.801529   111620445263.604431   48372061314.236801    -83522839300.024063   111620445263.604431   48372061314.175743     90.0   0.0   0.0
-83522838799.671265   111620445263.604431   48372061314.232666    -83522839300.024063   111620445263.604431   48372061314.175743     90.0   0.0   0.0
-83522838817.541000   111620445263.604431   48372061314.228668    -83522839300.024063   111620445263.604431   48372061314.175743     90.0   0.0   0.0
-83522838835.410751   111620445263.604431   48372061314.224823    -83522839300.024063   111620445263.604431   48372061314.175743     90.0   0.0   0.0
-83522838853.280487   111620445263.604431   48372061314.221123    -83522839300.024063   111620445263.604431   48372061314.175743     90.0   0.0   0.0
-83522838871.150223   111620445263.604431   48372061314.217560    -83522839300.024063   111620445263.604431   48372061314.175743     90.0   0.0   0.0
-83522838889.019974   111620445263.604431   48372061314.214149    -83522839300.024063   111620445263.604431   48372061314.175743     90.0   0.0   0.0
-83522838906.889725   111620445263.604431   48372061314.210884    -83522839300.024063   111620445263.604431   48372061314.175743     90.0   0.0   0.0
-83522838924.759460   111620445263.604431   48372061314.207764    -83522839300.024063   111620445263.604431   48372061314.175743     90.0   0.0   0.0
-83522838942.629196   111620445263.604431   48372061314.204781    -83522839300.024063   111620445263.604431   48372061314.175743     90.0   0.0   0.0
-83522838960.498947   111620445263.604431   48372061314.201950    -83522839300.024063   111620445263.604431   48372061314.175743     90.0   0.0   0.0
-83522838978.368683   111620445263.604431   48372061314.199265    -83522839300.024063   111620445263.604431   48372061314.175743     90.0   0.0   0.0
-83522838996.238419   111620445263.604431   48372061314.196724    -83522839300.024063   111620445263.604431   48372061314.175743     90.0   0.0   0.0
-83522839014.108185   111620445263.604431   48372061314.194328    -83522839300.024063   111620445263.604431   48372061314.175743     90.0   0.0   0.0
-83522839031.977921   111620445263.604431   48372061314.192078    -83522839300.024063   111620445263.604431   48372061314.175743     90.0   0.0   0.0
-83522839049.847656   111620445263.604431   48372061314.189972    -83522839300.024063   111620445263.604431   48372061314.175743     90.0   0.0   0.0
-83522839067.717407   111620445263.604431   48372061314.188011    -83522839300.024063   111620445263.604431   48372061314.175743     90.0   0.0   0.0
-83522839085.587143   111620445263.604431   48372061314.186195    -83522839300.024063   111620445263.604431   48372061314.175743     90.0   0.0   0.0
-83522839103.456879   111620445263.604431   48372061314.184525    -83522839300.024063   111620445263.604431   48372061314.175743     90.0   0.0   0.0
-83522839121.326630   111620445263.604431   48372061314.182999    -83522839300.024063   111620445263.604431   48372061314.175743     90.0   0.0   0.0
-83522839139.196381   111620445263.604431   48372061314.181618    -83522839300.024063   111620445263.604431   48372061314.175743     90.0   0.0   0.0
-83522839157.066116   111620445263.604431   48372061314.180389    -83522839300.024063   111620445263.604431   48372061314.175743     90.0   0.0   0.0
-83522839174.935867   111620445263.604431   48372061314.179291    -83522839300.024063   111620445263.604431   48372061314.175743     90.0   0.0   0.0
-83522839192.805603   111620445263.604431   48372061314.178352    -83522839300.024063   111620445263.604431   48372061314.175743     90.0   0.0   0.0
-83522839210.675339   111620445263.604431   48372061314.177551    -83522839300.024063   111620445263.604431   48372061314.175743     90.0   0.0   0.0
-83522839228.545090   111620445263.604431   48372061314.176903    -83522839300.024063   111620445263.604431   48372061314.175743     90.0   0.0   0.0
-83522839246.414841   111620445263.604431   48372061314.176399    -83522839300.024063   111620445263.604431   48372061314.175743     90.0   0.0   0.0
-83522839264.284576   111620445263.604431   48372061314.176033    -83522839300.024063   111620445263.604431   48372061314.175743     90.0   0.0   0.0
